
1676553148,1525625
1676553149,1525653
1676553301,1529787
1676553332,1529919
1676553333,1529919
1676553334,1529919
1676553334,1529919
1676553334,1529919
1676553335,1529919
1676553335,1529919
1676553338,1529919
1676553339,1529919
1676553339,1529919
1676553340,1529919
1676553601,1600026
1676553901,1762812
1676554201,1799988
1676554501,1806946
1676554801,1848389
1676555101,1854934
1676555401,2078869
1676555701,2106883
1676556002,0
1676556301,0
1676556601,0
1676556901,0
1676557201,0
1676557501,0
1676557801,0
1676558101,0
1676558401,0
1676558701,0
1676559001,0
1676559301,0
1676559601,0
1676559902,0
1676560201,0
1676560501,0
1676560801,0
1676561101,0
1676561401,0
1676561702,10521
1677159001,53885
